1 1
39.679506
19.947080
13.429247
10.150693
8.522418
7.173349
7.221034
6.922074
6.566936
6.132672
5.820914
5.676630
5.540473
5.442915
5.445914
5.361972
5.279495
5.182365
5.030461
4.915350
4.925064
4.880793
4.736182
4.819978
4.723024
4.659438
4.627295
4.587306
4.411313
4.574416
4.632158
4.755838
4.803947
4.918807
4.862804
4.850592
4.812401
4.781654
4.637316
4.761312
4.778753
4.656578
4.633239
4.558080
4.499076
4.444881
4.423908
4.413733
4.410503
4.349263
4.205125
4.098365
4.027877
3.955054
3.983027
3.940461
3.920770
3.936088
3.897782
3.909626
3.948018
3.929309
3.732972
3.676270
3.718464
3.655482
3.632665
3.741437
3.700459
3.784599
4.552964
5.747664
6.911254
7.397057
4.534062
6.638612
6.429254
7.055523
6.567967
7.306796
2 2
40.299749
22.575997
15.848413
11.719656
9.994854
8.422332
7.653044
6.909213
6.298898
6.021477
5.597542
5.278628
4.988739
4.895586
4.795306
4.625451
4.444522
4.341941
4.395472
4.468465
4.499139
4.508210
4.293685
4.312629
4.508063
4.300486
4.265903
4.310839
4.303921
4.163751
4.193113
4.214826
4.320233
4.312205
4.241567
4.178772
4.152723
4.095755
4.033851
3.999593
3.960632
4.000789
3.880497
3.839332
3.797562
3.731767
3.771928
3.744839
3.687449
3.603951
3.668185
3.751863
3.570879
3.657027
3.473253
3.400504
3.530302
3.471898
3.378555
3.481364
3.395153
3.466040
3.423762
3.480378
3.548016
3.589947
3.677111
3.814847
3.652092
3.710403
3.666997
3.629704
3.690640
3.722056
3.764823
3.711963
3.686381
3.723140
3.773726
3.721765
